     1  1  0.00059259      14
     2  1  0.00059259      14
     3  1  0.00059259      14
     4  1  0.00059259      14
     5  1  0.00059259      14
     6  1  0.00059259      14
     7  1  0.00059259      14
     8  1  0.00059259      15
     9  1  0.00059259      14
    10  1  0.00059259      14
    11  1  0.00059259      14
    12  1  0.00059259      14
    13  1  0.00059259      14
    14  1  0.00059259      14
    15  1  0.00059259      14
    16  1  0.00059259      14
    17  1  0.00059259      14
    18  1  0.00059259      14
    19  1  0.00059259      14
    20  1  0.00059259      14
    21  1  0.00059259      14
    22  1  0.00059259      14
    23  1  0.00059259      15
    24  1  0.00059259      14
    25  1  0.00059259      14
    26  1  0.00059259      14
    27  1  0.00059259      14
    28  1  0.00059259      14
    29  1  0.00059259      14
    30  1  0.00059259      14
    31  1  0.00059259      14
    32  1  0.00059259      14
    33  1  0.00059259      14
    34  1  0.00059259      14
    35  1  0.00059259      14
    36  1  0.00059259      14
    37  1  0.00059259      14
    38  1  0.00059259      15
    39  1  0.00059259      14
    40  1  0.00059259      14
    41  1  0.00059259      14
    42  1  0.00059259      14
    43  1  0.00059259      14
    44  1  0.00059259      14
    45  1  0.00059259      14
    46  1  0.00059259      14
    47  1  0.00059259      14
    48  1  0.00059259      14
    49  1  0.00059259      14
    50  1  0.00059259      14
    51  1  0.00059259      14
    52  1  0.00059259      14
    53  1  0.00059259      15
    54  1  0.00059259      14
    55  1  0.00059259      14
    56  1  0.00059259      14
    57  1  0.00059259      14
    58  1  0.00059259      14
    59  1  0.00059259      14
    60  1  0.00059259      14
    61  1  0.00059259      14
    62  1  0.00059259      14
    63  1  0.00059259      14
    64  1  0.00059259      14
    65  1  0.00059259      14
    66  1  0.00059259      14
    67  1  0.00059259      14
    68  1  0.00059259      14
    69  1  0.00059259      14
    70  1  0.00059259      14
    71  1  0.00059259      14
    72  1  0.00059259      14
    73  1  0.00059259      14
    74  1  0.00059259      14
    75  1  0.00059259      14
    76  1  0.00059259      14
    77  1  0.00059259      14
    78  1  0.00059259      14
    79  1  0.00059259      14
    80  1  0.00059259      14
    81  1  0.00059259      14
    82  1  0.00059259      14
    83  1  0.00059259      14
    84  1  0.00059259      14
    85  1  0.00059259      14
    86  1  0.00059259      14
    87  1  0.00059259      14
    88  1  0.00059259      14
    89  1  0.00059259      14
    90  1  0.00059259      14
    91  1  0.00059259      14
    92  1  0.00059259      14
    93  1  0.00059259      14
    94  1  0.00059259      14
    95  1  0.00059259      14
    96  1  0.00059259      14
    97  1  0.00059259      14
    98  1  0.00059259      14
    99  1  0.00059259      14
   100  1  0.00059259      14
   101  1  0.00059259      14
   102  1  0.00059259      14
   103  1  0.00059259      14
   104  1  0.00059259      14
   105  1  0.00059259      14
   106  1  0.00059259      15
   107  1  0.00059259      15
   108  1  0.00059259      15
   109  1  0.00059259      15
   110  1  0.00059259      14
   111  1  0.00059259      14
   112  1  0.00059259      14
   113  1  0.00029630      15
   114  1  0.00059259      14
   115  1  0.00059259      14
   116  1  0.00059259      14
   117  1  0.00059259      14
   118  1  0.00059259      14
   119  1  0.00059259      14
   120  1  0.00059259      14
   121  1  0.00059259      14
   122  1  0.00059259      14
   123  1  0.00059259      14
   124  1  0.00059259      14
   125  1  0.00059259      14
   126  1  0.00059259      14
   127  1  0.00059259      14
   128  1  0.00059259      14
   129  1  0.00059259      14
   130  1  0.00059259      14
   131  1  0.00059259      14
   132  1  0.00059259      14
   133  1  0.00059259      14
   134  1  0.00059259      14
   135  1  0.00059259      14
   136  1  0.00059259      14
   137  1  0.00059259      14
   138  1  0.00059259      14
   139  1  0.00059259      14
   140  1  0.00059259      14
   141  1  0.00059259      14
   142  1  0.00059259      14
   143  1  0.00059259      14
   144  1  0.00059259      14
   145  1  0.00059259      14
   146  1  0.00059259      14
   147  1  0.00059259      14
   148  1  0.00059259      14
   149  1  0.00059259      14
   150  1  0.00059259      14
   151  1  0.00059259      14
   152  1  0.00059259      14
   153  1  0.00059259      14
   154  1  0.00059259      14
   155  1  0.00059259      14
   156  1  0.00059259      14
   157  1  0.00059259      14
   158  1  0.00059259      14
   159  1  0.00059259      14
   160  1  0.00059259      14
   161  1  0.00059259      14
   162  1  0.00059259      14
   163  1  0.00059259      14
   164  1  0.00059259      14
   165  1  0.00059259      14
   166  1  0.00059259      14
   167  1  0.00059259      14
   168  1  0.00059259      14
   169  1  0.00059259      14
   170  1  0.00059259      14
   171  1  0.00059259      14
   172  1  0.00059259      14
   173  1  0.00059259      14
   174  1  0.00059259      14
   175  1  0.00059259      14
   176  1  0.00059259      14
   177  1  0.00059259      14
   178  1  0.00059259      14
   179  1  0.00059259      14
   180  1  0.00059259      14
   181  1  0.00059259      14
   182  1  0.00059259      14
   183  1  0.00059259      14
   184  1  0.00059259      14
   185  1  0.00059259      14
   186  1  0.00059259      14
   187  1  0.00059259      14
   188  1  0.00059259      14
   189  1  0.00059259      14
   190  1  0.00059259      14
   191  1  0.00059259      14
   192  1  0.00059259      14
   193  1  0.00059259      14
   194  1  0.00059259      14
   195  1  0.00059259      14
   196  1  0.00059259      14
   197  1  0.00059259      14
   198  1  0.00059259      14
   199  1  0.00059259      14
   200  1  0.00059259      14
   201  1  0.00059259      14
   202  1  0.00059259      14
   203  1  0.00059259      14
   204  1  0.00059259      14
   205  1  0.00059259      14
   206  1  0.00059259      14
   207  1  0.00059259      14
   208  1  0.00059259      14
   209  1  0.00059259      14
   210  1  0.00059259      14
   211  1  0.00059259      14
   212  1  0.00059259      14
   213  1  0.00059259      14
   214  1  0.00059259      14
   215  1  0.00059259      14
   216  1  0.00059259      14
   217  1  0.00059259      14
   218  1  0.00059259      14
   219  1  0.00059259      14
   220  1  0.00059259      14
   221  1  0.00059259      14
   222  1  0.00059259      14
   223  1  0.00059259      14
   224  1  0.00059259      14
   225  1  0.00059259      14
   226  1  0.00059259      14
   227  1  0.00059259      14
   228  1  0.00059259      14
   229  1  0.00059259      14
   230  1  0.00059259      14
   231  1  0.00059259      14
   232  1  0.00059259      14
   233  1  0.00059259      14
   234  1  0.00059259      14
   235  1  0.00059259      14
   236  1  0.00059259      14
   237  1  0.00059259      14
   238  1  0.00059259      14
   239  1  0.00059259      14
   240  1  0.00059259      14
   241  1  0.00059259      14
   242  1  0.00059259      14
   243  1  0.00059259      14
   244  1  0.00059259      14
   245  1  0.00059259      14
   246  1  0.00059259      14
   247  1  0.00059259      14
   248  1  0.00059259      14
   249  1  0.00059259      14
   250  1  0.00059259      14
   251  1  0.00059259      14
   252  1  0.00059259      14
   253  1  0.00059259      14
   254  1  0.00059259      14
   255  1  0.00059259      14
   256  1  0.00059259      14
   257  1  0.00059259      14
   258  1  0.00059259      14
   259  1  0.00059259      14
   260  1  0.00059259      14
   261  1  0.00059259      14
   262  1  0.00059259      14
   263  1  0.00059259      14
   264  1  0.00059259      14
   265  1  0.00059259      14
   266  1  0.00059259      14
   267  1  0.00059259      14
   268  1  0.00059259      14
   269  1  0.00059259      14
   270  1  0.00059259      14
   271  1  0.00059259      14
   272  1  0.00059259      14
   273  1  0.00059259      14
   274  1  0.00059259      14
   275  1  0.00059259      14
   276  1  0.00059259      14
   277  1  0.00059259      14
   278  1  0.00059259      14
   279  1  0.00059259      14
   280  1  0.00059259      14
   281  1  0.00059259      14
   282  1  0.00059259      14
   283  1  0.00059259      14
   284  1  0.00059259      14
   285  1  0.00059259      14
   286  1  0.00059259      14
   287  1  0.00059259      14
   288  1  0.00059259      14
   289  1  0.00059259      14
   290  1  0.00059259      14
   291  1  0.00059259      14
   292  1  0.00059259      14
   293  1  0.00059259      14
   294  1  0.00059259      14
   295  1  0.00059259      14
   296  1  0.00059259      14
   297  1  0.00059259      14
   298  1  0.00059259      14
   299  1  0.00059259      14
   300  1  0.00059259      14
   301  1  0.00059259      14
   302  1  0.00059259      14
   303  1  0.00059259      14
   304  1  0.00059259      14
   305  1  0.00059259      14
   306  1  0.00059259      14
   307  1  0.00059259      14
   308  1  0.00059259      14
   309  1  0.00059259      14
   310  1  0.00059259      14
   311  1  0.00059259      14
   312  1  0.00059259      14
   313  1  0.00059259      14
   314  1  0.00059259      14
   315  1  0.00059259      14
   316  1  0.00059259      14
   317  1  0.00059259      14
   318  1  0.00059259      14
   319  1  0.00059259      14
   320  1  0.00059259      14
   321  1  0.00059259      14
   322  1  0.00059259      14
   323  1  0.00059259      14
   324  1  0.00059259      14
   325  1  0.00059259      14
   326  1  0.00059259      14
   327  1  0.00059259      14
   328  1  0.00059259      14
   329  1  0.00059259      14
   330  1  0.00059259      14
   331  1  0.00059259      14
   332  1  0.00059259      14
   333  1  0.00059259      14
   334  1  0.00059259      14
   335  1  0.00059259      14
   336  1  0.00059259      14
   337  1  0.00059259      14
   338  1  0.00059259      14
   339  1  0.00059259      14
   340  1  0.00059259      14
   341  1  0.00059259      14
   342  1  0.00059259      14
   343  1  0.00059259      14
   344  1  0.00059259      14
   345  1  0.00059259      14
   346  1  0.00059259      14
   347  1  0.00059259      14
   348  1  0.00059259      14
   349  1  0.00059259      14
   350  1  0.00059259      14
   351  1  0.00059259      14
   352  1  0.00059259      14
   353  1  0.00059259      14
   354  1  0.00059259      14
   355  1  0.00059259      14
   356  1  0.00059259      14
   357  1  0.00059259      14
   358  1  0.00059259      14
   359  1  0.00059259      14
   360  1  0.00059259      14
   361  1  0.00059259      14
   362  1  0.00059259      14
   363  1  0.00059259      14
   364  1  0.00059259      14
   365  1  0.00059259      14
   366  1  0.00059259      14
   367  1  0.00059259      14
   368  1  0.00059259      14
   369  1  0.00059259      14
   370  1  0.00059259      14
   371  1  0.00059259      14
   372  1  0.00059259      14
   373  1  0.00059259      14
   374  1  0.00059259      14
   375  1  0.00059259      14
   376  1  0.00059259      14
   377  1  0.00059259      14
   378  1  0.00059259      14
   379  1  0.00059259      14
   380  1  0.00059259      14
   381  1  0.00059259      14
   382  1  0.00059259      14
   383  1  0.00059259      14
   384  1  0.00059259      14
   385  1  0.00059259      14
   386  1  0.00059259      14
   387  1  0.00059259      14
   388  1  0.00059259      14
   389  1  0.00059259      14
   390  1  0.00059259      14
   391  1  0.00059259      14
   392  1  0.00059259      14
   393  1  0.00059259      14
   394  1  0.00059259      14
   395  1  0.00059259      14
   396  1  0.00059259      14
   397  1  0.00059259      14
   398  1  0.00059259      14
   399  1  0.00059259      14
   400  1  0.00059259      14
   401  1  0.00059259      14
   402  1  0.00059259      14
   403  1  0.00059259      14
   404  1  0.00059259      14
   405  1  0.00059259      14
   406  1  0.00059259      14
   407  1  0.00059259      14
   408  1  0.00059259      14
   409  1  0.00059259      14
   410  1  0.00059259      14
   411  1  0.00059259      14
   412  1  0.00059259      14
   413  1  0.00059259      14
   414  1  0.00059259      14
   415  1  0.00059259      14
   416  1  0.00059259      14
   417  1  0.00059259      14
   418  1  0.00059259      14
   419  1  0.00059259      14
   420  1  0.00059259      14
   421  1  0.00059259      14
   422  1  0.00059259      14
   423  1  0.00059259      14
   424  1  0.00059259      14
   425  1  0.00059259      14
   426  1  0.00059259      14
   427  1  0.00059259      14
   428  1  0.00059259      14
   429  1  0.00059259      14
   430  1  0.00059259      14
   431  1  0.00059259      14
   432  1  0.00059259      14
   433  1  0.00059259      14
   434  1  0.00059259      14
   435  1  0.00059259      14
   436  1  0.00059259      14
   437  1  0.00059259      14
   438  1  0.00059259      14
   439  1  0.00059259      14
   440  1  0.00059259      14
   441  1  0.00059259      14
   442  1  0.00059259      14
   443  1  0.00059259      14
   444  1  0.00059259      14
   445  1  0.00059259      14
   446  1  0.00059259      14
   447  1  0.00059259      14
   448  1  0.00059259      14
   449  1  0.00059259      14
   450  1  0.00059259      14
   451  1  0.00059259      14
   452  1  0.00059259      14
   453  1  0.00059259      14
   454  1  0.00059259      14
   455  1  0.00059259      14
   456  1  0.00059259      14
   457  1  0.00059259      14
   458  1  0.00059259      14
   459  1  0.00059259      14
   460  1  0.00059259      14
   461  1  0.00059259      14
   462  1  0.00059259      14
   463  1  0.00059259      14
   464  1  0.00059259      14
   465  1  0.00059259      14
   466  1  0.00059259      14
   467  1  0.00059259      14
   468  1  0.00059259      14
   469  1  0.00059259      14
   470  1  0.00059259      14
   471  1  0.00059259      14
   472  1  0.00059259      14
   473  1  0.00059259      14
   474  1  0.00059259      14
   475  1  0.00059259      14
   476  1  0.00059259      14
   477  1  0.00059259      14
   478  1  0.00059259      14
   479  1  0.00059259      14
   480  1  0.00059259      14
   481  1  0.00059259      14
   482  1  0.00059259      14
   483  1  0.00059259      14
   484  1  0.00059259      14
   485  1  0.00059259      14
   486  1  0.00059259      14
   487  1  0.00059259      14
   488  1  0.00059259      14
   489  1  0.00059259      14
   490  1  0.00059259      14
   491  1  0.00059259      14
   492  1  0.00059259      14
   493  1  0.00059259      14
   494  1  0.00059259      14
   495  1  0.00059259      14
   496  1  0.00059259      14
   497  1  0.00059259      14
   498  1  0.00059259      14
   499  1  0.00059259      14
   500  1  0.00059259      14
   501  1  0.00059259      14
   502  1  0.00059259      14
   503  1  0.00059259      14
   504  1  0.00059259      14
   505  1  0.00059259      14
   506  1  0.00059259      14
   507  1  0.00059259      14
   508  1  0.00059259      14
   509  1  0.00059259      14
   510  1  0.00059259      14
   511  1  0.00059259      14
   512  1  0.00059259      14
   513  1  0.00059259      14
   514  1  0.00059259      14
   515  1  0.00059259      14
   516  1  0.00059259      14
   517  1  0.00059259      14
   518  1  0.00059259      14
   519  1  0.00059259      14
   520  1  0.00059259      14
   521  1  0.00059259      14
   522  1  0.00059259      14
   523  1  0.00059259      14
   524  1  0.00059259      14
   525  1  0.00059259      14
   526  1  0.00059259      14
   527  1  0.00059259      14
   528  1  0.00059259      14
   529  1  0.00059259      14
   530  1  0.00059259      14
   531  1  0.00059259      14
   532  1  0.00059259      14
   533  1  0.00059259      14
   534  1  0.00059259      14
   535  1  0.00059259      14
   536  1  0.00059259      14
   537  1  0.00059259      14
   538  1  0.00059259      14
   539  1  0.00059259      14
   540  1  0.00059259      14
   541  1  0.00059259      14
   542  1  0.00059259      14
   543  1  0.00059259      14
   544  1  0.00059259      14
   545  1  0.00059259      14
   546  1  0.00059259      14
   547  1  0.00059259      14
   548  1  0.00059259      14
   549  1  0.00059259      14
   550  1  0.00059259      14
   551  1  0.00059259      14
   552  1  0.00059259      14
   553  1  0.00059259      14
   554  1  0.00059259      14
   555  1  0.00059259      14
   556  1  0.00059259      14
   557  1  0.00059259      14
   558  1  0.00059259      14
   559  1  0.00059259      14
   560  1  0.00059259      14
   561  1  0.00059259      14
   562  1  0.00059259      14
   563  1  0.00059259      14
   564  1  0.00059259      14
   565  1  0.00059259      14
   566  1  0.00059259      14
   567  1  0.00059259      14
   568  1  0.00059259      14
   569  1  0.00059259      14
   570  1  0.00059259      14
   571  1  0.00059259      14
   572  1  0.00059259      14
   573  1  0.00059259      14
   574  1  0.00059259      14
   575  1  0.00059259      14
   576  1  0.00059259      14
   577  1  0.00059259      14
   578  1  0.00059259      14
   579  1  0.00059259      14
   580  1  0.00059259      14
   581  1  0.00059259      14
   582  1  0.00059259      14
   583  1  0.00059259      14
   584  1  0.00059259      14
   585  1  0.00059259      14
   586  1  0.00059259      14
   587  1  0.00059259      14
   588  1  0.00059259      14
   589  1  0.00059259      14
   590  1  0.00059259      14
   591  1  0.00059259      14
   592  1  0.00059259      14
   593  1  0.00059259      14
   594  1  0.00059259      14
   595  1  0.00059259      14
   596  1  0.00059259      14
   597  1  0.00059259      14
   598  1  0.00059259      14
   599  1  0.00059259      14
   600  1  0.00059259      14
   601  1  0.00059259      14
   602  1  0.00059259      14
   603  1  0.00059259      14
   604  1  0.00059259      14
   605  1  0.00059259      14
   606  1  0.00059259      14
   607  1  0.00059259      14
   608  1  0.00059259      14
   609  1  0.00059259      14
   610  1  0.00059259      14
   611  1  0.00059259      14
   612  1  0.00059259      14
   613  1  0.00059259      14
   614  1  0.00059259      14
   615  1  0.00059259      14
   616  1  0.00059259      14
   617  1  0.00059259      14
   618  1  0.00059259      14
   619  1  0.00059259      14
   620  1  0.00059259      14
   621  1  0.00059259      14
   622  1  0.00059259      14
   623  1  0.00059259      14
   624  1  0.00059259      14
   625  1  0.00059259      14
   626  1  0.00059259      14
   627  1  0.00059259      14
   628  1  0.00059259      14
   629  1  0.00059259      14
   630  1  0.00059259      14
   631  1  0.00059259      14
   632  1  0.00059259      14
   633  1  0.00059259      14
   634  1  0.00059259      14
   635  1  0.00059259      14
   636  1  0.00059259      14
   637  1  0.00059259      14
   638  1  0.00059259      14
   639  1  0.00059259      14
   640  1  0.00059259      14
   641  1  0.00059259      14
   642  1  0.00059259      14
   643  1  0.00059259      14
   644  1  0.00059259      14
   645  1  0.00059259      14
   646  1  0.00059259      14
   647  1  0.00059259      14
   648  1  0.00059259      14
   649  1  0.00059259      14
   650  1  0.00059259      14
   651  1  0.00059259      14
   652  1  0.00059259      14
   653  1  0.00059259      14
   654  1  0.00059259      14
   655  1  0.00059259      14
   656  1  0.00059259      14
   657  1  0.00059259      14
   658  1  0.00059259      14
   659  1  0.00059259      14
   660  1  0.00059259      14
   661  1  0.00059259      14
   662  1  0.00059259      14
   663  1  0.00059259      14
   664  1  0.00059259      14
   665  1  0.00059259      14
   666  1  0.00059259      14
   667  1  0.00059259      14
   668  1  0.00059259      14
   669  1  0.00059259      14
   670  1  0.00059259      14
   671  1  0.00059259      14
   672  1  0.00059259      14
   673  1  0.00059259      14
   674  1  0.00059259      14
   675  1  0.00059259      14
   676  1  0.00059259      14
   677  1  0.00059259      14
   678  1  0.00059259      14
   679  1  0.00059259      14
   680  1  0.00059259      14
   681  1  0.00059259      14
   682  1  0.00059259      14
   683  1  0.00059259      14
   684  1  0.00059259      14
   685  1  0.00059259      14
   686  1  0.00059259      14
   687  1  0.00059259      14
   688  1  0.00059259      14
   689  1  0.00059259      14
   690  1  0.00059259      14
   691  1  0.00059259      14
   692  1  0.00059259      14
   693  1  0.00059259      14
   694  1  0.00059259      14
   695  1  0.00059259      14
   696  1  0.00059259      14
   697  1  0.00059259      14
   698  1  0.00059259      14
   699  1  0.00059259      14
   700  1  0.00059259      14
   701  1  0.00059259      14
   702  1  0.00059259      14
   703  1  0.00059259      14
   704  1  0.00059259      14
   705  1  0.00059259      14
   706  1  0.00059259      14
   707  1  0.00059259      14
   708  1  0.00059259      14
   709  1  0.00059259      14
   710  1  0.00059259      14
   711  1  0.00059259      14
   712  1  0.00059259      14
   713  1  0.00059259      14
   714  1  0.00059259      14
   715  1  0.00059259      14
   716  1  0.00059259      14
   717  1  0.00059259      14
   718  1  0.00059259      14
   719  1  0.00059259      14
   720  1  0.00059259      14
   721  1  0.00059259      14
   722  1  0.00059259      14
   723  1  0.00059259      14
   724  1  0.00059259      14
   725  1  0.00059259      14
   726  1  0.00059259      14
   727  1  0.00059259      14
   728  1  0.00059259      14
   729  1  0.00059259      14
   730  1  0.00059259      14
   731  1  0.00059259      14
   732  1  0.00059259      14
   733  1  0.00059259      14
   734  1  0.00059259      14
   735  1  0.00059259      14
   736  1  0.00059259      14
   737  1  0.00059259      14
   738  1  0.00059259      14
   739  1  0.00059259      14
   740  1  0.00059259      14
   741  1  0.00059259      14
   742  1  0.00059259      14
   743  1  0.00059259      14
   744  1  0.00059259      14
   745  1  0.00059259      14
   746  1  0.00059259      14
   747  1  0.00059259      14
   748  1  0.00059259      14
   749  1  0.00059259      14
   750  1  0.00059259      14
   751  1  0.00059259      14
   752  1  0.00059259      14
   753  1  0.00059259      14
   754  1  0.00059259      14
   755  1  0.00059259      14
   756  1  0.00059259      14
   757  1  0.00059259      14
   758  1  0.00059259      14
   759  1  0.00059259      14
   760  1  0.00059259      14
   761  1  0.00059259      14
   762  1  0.00059259      14
   763  1  0.00059259      14
   764  1  0.00059259      14
   765  1  0.00059259      14
   766  1  0.00059259      14
   767  1  0.00059259      14
   768  1  0.00059259      14
   769  1  0.00059259      14
   770  1  0.00059259      14
   771  1  0.00059259      14
   772  1  0.00059259      14
   773  1  0.00059259      14
   774  1  0.00059259      14
   775  1  0.00059259      14
   776  1  0.00059259      14
   777  1  0.00059259      14
   778  1  0.00059259      14
   779  1  0.00059259      14
   780  1  0.00059259      14
   781  1  0.00059259      14
   782  1  0.00059259      14
   783  1  0.00059259      14
   784  1  0.00059259      14
   785  1  0.00059259      14
   786  1  0.00059259      14
   787  1  0.00059259      14
   788  1  0.00059259      14
   789  1  0.00059259      14
   790  1  0.00059259      14
   791  1  0.00059259      14
   792  1  0.00059259      14
   793  1  0.00059259      14
   794  1  0.00059259      14
   795  1  0.00059259      14
   796  1  0.00059259      14
   797  1  0.00059259      14
   798  1  0.00059259      14
   799  1  0.00059259      14
   800  1  0.00059259      14
   801  1  0.00059259      14
   802  1  0.00059259      14
   803  1  0.00059259      14
   804  1  0.00059259      14
   805  1  0.00059259      14
   806  1  0.00059259      14
   807  1  0.00059259      14
   808  1  0.00059259      14
   809  1  0.00059259      14
   810  1  0.00059259      14
   811  1  0.00059259      14
   812  1  0.00059259      14
   813  1  0.00059259      14
   814  1  0.00059259      14
   815  1  0.00059259      14
   816  1  0.00059259      14
   817  1  0.00059259      14
   818  1  0.00059259      14
   819  1  0.00059259      14
   820  1  0.00059259      14
   821  1  0.00059259      14
   822  1  0.00059259      14
   823  1  0.00059259      14
   824  1  0.00059259      14
   825  1  0.00059259      14
   826  1  0.00059259      14
   827  1  0.00059259      14
   828  1  0.00059259      14
   829  1  0.00059259      14
   830  1  0.00059259      14
   831  1  0.00059259      14
   832  1  0.00059259      14
   833  1  0.00059259      14
   834  1  0.00059259      14
   835  1  0.00059259      14
   836  1  0.00059259      14
   837  1  0.00059259      14
   838  1  0.00059259      14
   839  1  0.00059259      14
   840  1  0.00059259      14
   841  1  0.00059259      14
   842  1  0.00059259      14
   843  1  0.00059259      14
   844  1  0.00059259      14
   845  1  0.00059259      14
   846  1  0.00059259      14
   847  1  0.00059259      14
   848  1  0.00059259      14
   849  1  0.00059259      14
   850  1  0.00059259      14
   851  1  0.00059259      14
   852  1  0.00059259      14
   853  1  0.00059259      14
   854  1  0.00059259      14
   855  1  0.00059259      14
   856  1  0.00059259      14
   857  1  0.00059259      14
   858  1  0.00059259      14
   859  1  0.00059259      14
   860  1  0.00059259      14
   861  1  0.00059259      14
   862  1  0.00059259      14
   863  1  0.00059259      14
   864  1  0.00059259      14
   865  1  0.00059259      14
   866  1  0.00059259      14
   867  1  0.00059259      14
   868  1  0.00059259      14
   869  1  0.00059259      14
   870  1  0.00059259      14
   871  1  0.00059259      14
   872  1  0.00059259      14
   873  1  0.00059259      14
   874  1  0.00059259      14
   875  1  0.00059259      14
   876  1  0.00059259      14
   877  1  0.00059259      14
   878  1  0.00059259      14
   879  1  0.00059259      14
   880  1  0.00059259      14
   881  1  0.00059259      14
   882  1  0.00059259      14
   883  1  0.00059259      14
   884  1  0.00059259      14
   885  1  0.00059259      14
   886  1  0.00059259      14
   887  1  0.00059259      14
   888  1  0.00059259      14
   889  1  0.00059259      14
   890  1  0.00059259      14
   891  1  0.00059259      14
   892  1  0.00059259      14
   893  1  0.00059259      14
   894  1  0.00059259      14
   895  1  0.00059259      14
   896  1  0.00059259      14
   897  1  0.00059259      14
   898  1  0.00059259      14
   899  1  0.00059259      14
   900  1  0.00059259      14
   901  1  0.00059259      15
   902  1  0.00059259      14
   903  1  0.00059259      14
   904  1  0.00059259      14
   905  1  0.00059259      14
   906  1  0.00059259      14
   907  1  0.00059259      14
   908  1  0.00059259      14
   909  1  0.00059259      14
   910  1  0.00059259      14
   911  1  0.00059259      14
   912  1  0.00059259      14
   913  1  0.00059259      14
   914  1  0.00059259      14
   915  1  0.00059259      14
   916  1  0.00059259      14
   917  1  0.00059259      14
   918  1  0.00059259      14
   919  1  0.00059259      14
   920  1  0.00059259      14
   921  1  0.00059259      14
   922  1  0.00059259      14
   923  1  0.00059259      14
   924  1  0.00059259      14
   925  1  0.00059259      14
   926  1  0.00059259      14
   927  1  0.00059259      14
   928  1  0.00059259      14
   929  1  0.00059259      14
   930  1  0.00059259      14
   931  1  0.00059259      14
   932  1  0.00059259      14
   933  1  0.00059259      14
   934  1  0.00059259      14
   935  1  0.00059259      14
   936  1  0.00059259      14
   937  1  0.00059259      14
   938  1  0.00059259      14
   939  1  0.00059259      14
   940  1  0.00059259      14
   941  1  0.00059259      14
   942  1  0.00059259      14
   943  1  0.00059259      14
   944  1  0.00059259      14
   945  1  0.00059259      14
   946  1  0.00059259      14
   947  1  0.00059259      14
   948  1  0.00059259      14
   949  1  0.00059259      14
   950  1  0.00059259      14
   951  1  0.00059259      14
   952  1  0.00059259      14
   953  1  0.00059259      14
   954  1  0.00059259      14
   955  1  0.00059259      14
   956  1  0.00059259      14
   957  1  0.00059259      14
   958  1  0.00059259      14
   959  1  0.00059259      14
   960  1  0.00059259      14
   961  1  0.00059259      14
   962  1  0.00059259      14
   963  1  0.00059259      14
   964  1  0.00059259      14
   965  1  0.00059259      15
   966  1  0.00059259      14
   967  1  0.00059259      14
   968  1  0.00059259      14
   969  1  0.00059259      14
   970  1  0.00059259      14
   971  1  0.00059259      14
   972  1  0.00059259      14
   973  1  0.00059259      14
   974  1  0.00059259      14
   975  1  0.00059259      14
   976  1  0.00059259      14
   977  1  0.00059259      14
   978  1  0.00059259      14
   979  1  0.00059259      14
   980  1  0.00059259      14
   981  1  0.00059259      14
   982  1  0.00059259      14
   983  1  0.00059259      14
   984  1  0.00059259      14
   985  1  0.00059259      14
   986  1  0.00059259      14
   987  1  0.00059259      14
   988  1  0.00059259      14
   989  1  0.00059259      14
   990  1  0.00059259      14
   991  1  0.00059259      14
   992  1  0.00059259      14
   993  1  0.00059259      14
   994  1  0.00059259      14
   995  1  0.00059259      14
   996  1  0.00059259      14
   997  1  0.00059259      14
   998  1  0.00059259      14
   999  1  0.00059259      14
  1000  1  0.00059259      14
  1001  1  0.00059259      14
  1002  1  0.00059259      14
  1003  1  0.00059259      14
  1004  1  0.00059259      14
  1005  1  0.00059259      14
  1006  1  0.00059259      14
  1007  1  0.00059259      14
  1008  1  0.00059259      14
  1009  1  0.00059259      14
  1010  1  0.00059259      14
  1011  1  0.00059259      14
  1012  1  0.00059259      14
  1013  1  0.00059259      14
  1014  1  0.00059259      14
  1015  1  0.00059259      14
  1016  1  0.00059259      14
  1017  1  0.00059259      14
  1018  1  0.00059259      14
  1019  1  0.00059259      14
  1020  1  0.00059259      14
  1021  1  0.00059259      14
  1022  1  0.00059259      14
  1023  1  0.00059259      14
  1024  1  0.00059259      14
  1025  1  0.00059259      14
  1026  1  0.00059259      14
  1027  1  0.00059259      14
  1028  1  0.00059259      14
  1029  1  0.00059259      14
  1030  1  0.00059259      14
  1031  1  0.00059259      14
  1032  1  0.00059259      14
  1033  1  0.00059259      14
  1034  1  0.00059259      14
  1035  1  0.00059259      14
  1036  1  0.00059259      14
  1037  1  0.00059259      14
  1038  1  0.00059259      14
  1039  1  0.00059259      14
  1040  1  0.00059259      14
  1041  1  0.00059259      14
  1042  1  0.00059259      14
  1043  1  0.00059259      14
  1044  1  0.00059259      14
  1045  1  0.00059259      14
  1046  1  0.00059259      14
  1047  1  0.00059259      14
  1048  1  0.00059259      14
  1049  1  0.00059259      14
  1050  1  0.00059259      14
  1051  1  0.00059259      14
  1052  1  0.00059259      14
  1053  1  0.00059259      14
  1054  1  0.00059259      14
  1055  1  0.00059259      14
  1056  1  0.00059259      14
  1057  1  0.00059259      14
  1058  1  0.00059259      14
  1059  1  0.00059259      14
  1060  1  0.00059259      14
  1061  1  0.00059259      14
  1062  1  0.00059259      14
  1063  1  0.00059259      14
  1064  1  0.00059259      14
  1065  1  0.00059259      14
  1066  1  0.00059259      14
  1067  1  0.00059259      14
  1068  1  0.00059259      14
  1069  1  0.00059259      14
  1070  1  0.00059259      14
  1071  1  0.00059259      14
  1072  1  0.00059259      14
  1073  1  0.00059259      14
  1074  1  0.00059259      14
  1075  1  0.00059259      14
  1076  1  0.00059259      14
  1077  1  0.00059259      14
  1078  1  0.00059259      14
  1079  1  0.00059259      14
  1080  1  0.00059259      14
  1081  1  0.00059259      14
  1082  1  0.00059259      14
  1083  1  0.00059259      14
  1084  1  0.00059259      14
  1085  1  0.00059259      14
  1086  1  0.00059259      14
  1087  1  0.00059259      14
  1088  1  0.00059259      14
  1089  1  0.00059259      14
  1090  1  0.00059259      14
  1091  1  0.00059259      14
  1092  1  0.00059259      14
  1093  1  0.00059259      14
  1094  1  0.00059259      14
  1095  1  0.00059259      14
  1096  1  0.00059259      14
  1097  1  0.00059259      14
  1098  1  0.00059259      14
  1099  1  0.00059259      14
  1100  1  0.00059259      14
  1101  1  0.00059259      14
  1102  1  0.00059259      14
  1103  1  0.00059259      14
  1104  1  0.00059259      14
  1105  1  0.00059259      14
  1106  1  0.00059259      14
  1107  1  0.00059259      14
  1108  1  0.00059259      14
  1109  1  0.00059259      14
  1110  1  0.00059259      14
  1111  1  0.00059259      14
  1112  1  0.00059259      14
  1113  1  0.00059259      14
  1114  1  0.00059259      14
  1115  1  0.00059259      14
  1116  1  0.00059259      14
  1117  1  0.00059259      14
  1118  1  0.00059259      14
  1119  1  0.00059259      14
  1120  1  0.00059259      14
  1121  1  0.00059259      14
  1122  1  0.00059259      14
  1123  1  0.00059259      14
  1124  1  0.00059259      14
  1125  1  0.00059259      14
  1126  1  0.00059259      15
  1127  1  0.00059259      14
  1128  1  0.00059259      14
  1129  1  0.00059259      14
  1130  1  0.00059259      14
  1131  1  0.00059259      14
  1132  1  0.00059259      14
  1133  1  0.00059259      14
  1134  1  0.00059259      14
  1135  1  0.00059259      14
  1136  1  0.00059259      14
  1137  1  0.00059259      14
  1138  1  0.00059259      14
  1139  1  0.00059259      14
  1140  1  0.00059259      14
  1141  1  0.00059259      14
  1142  1  0.00059259      14
  1143  1  0.00059259      14
  1144  1  0.00059259      14
  1145  1  0.00059259      14
  1146  1  0.00059259      14
  1147  1  0.00059259      14
  1148  1  0.00059259      14
  1149  1  0.00059259      14
  1150  1  0.00059259      14
  1151  1  0.00059259      14
  1152  1  0.00059259      14
  1153  1  0.00059259      14
  1154  1  0.00059259      14
  1155  1  0.00059259      14
  1156  1  0.00059259      14
  1157  1  0.00059259      14
  1158  1  0.00059259      14
  1159  1  0.00059259      14
  1160  1  0.00059259      14
  1161  1  0.00059259      14
  1162  1  0.00059259      14
  1163  1  0.00059259      14
  1164  1  0.00059259      14
  1165  1  0.00059259      14
  1166  1  0.00059259      14
  1167  1  0.00059259      14
  1168  1  0.00059259      14
  1169  1  0.00059259      14
  1170  1  0.00059259      14
  1171  1  0.00059259      14
  1172  1  0.00059259      14
  1173  1  0.00059259      14
  1174  1  0.00059259      14
  1175  1  0.00059259      14
  1176  1  0.00059259      14
  1177  1  0.00059259      14
  1178  1  0.00059259      14
  1179  1  0.00059259      14
  1180  1  0.00059259      14
  1181  1  0.00059259      14
  1182  1  0.00059259      14
  1183  1  0.00059259      14
  1184  1  0.00059259      14
  1185  1  0.00059259      14
  1186  1  0.00059259      14
  1187  1  0.00059259      14
  1188  1  0.00059259      14
  1189  1  0.00059259      14
  1190  1  0.00059259      14
  1191  1  0.00059259      14
  1192  1  0.00059259      14
  1193  1  0.00059259      14
  1194  1  0.00059259      14
  1195  1  0.00059259      14
  1196  1  0.00059259      14
  1197  1  0.00059259      14
  1198  1  0.00059259      14
  1199  1  0.00059259      14
  1200  1  0.00059259      14
  1201  1  0.00059259      14
  1202  1  0.00059259      14
  1203  1  0.00059259      14
  1204  1  0.00059259      14
  1205  1  0.00059259      14
  1206  1  0.00059259      15
  1207  1  0.00059259      14
  1208  1  0.00059259      14
  1209  1  0.00059259      14
  1210  1  0.00059259      14
  1211  1  0.00059259      14
  1212  1  0.00059259      14
  1213  1  0.00059259      14
  1214  1  0.00059259      14
  1215  1  0.00059259      14
  1216  1  0.00059259      14
  1217  1  0.00059259      14
  1218  1  0.00059259      14
  1219  1  0.00059259      14
  1220  1  0.00059259      14
  1221  1  0.00059259      14
  1222  1  0.00059259      14
  1223  1  0.00059259      14
  1224  1  0.00059259      14
  1225  1  0.00059259      14
  1226  1  0.00059259      14
  1227  1  0.00059259      14
  1228  1  0.00059259      14
  1229  1  0.00059259      14
  1230  1  0.00059259      14
  1231  1  0.00059259      14
  1232  1  0.00059259      14
  1233  1  0.00059259      14
  1234  1  0.00059259      14
  1235  1  0.00059259      14
  1236  1  0.00059259      14
  1237  1  0.00059259      14
  1238  1  0.00059259      14
  1239  1  0.00059259      14
  1240  1  0.00059259      14
  1241  1  0.00059259      14
  1242  1  0.00059259      14
  1243  1  0.00059259      14
  1244  1  0.00059259      14
  1245  1  0.00059259      14
  1246  1  0.00059259      14
  1247  1  0.00059259      14
  1248  1  0.00059259      14
  1249  1  0.00059259      14
  1250  1  0.00059259      14
  1251  1  0.00059259      14
  1252  1  0.00059259      14
  1253  1  0.00059259      14
  1254  1  0.00059259      14
  1255  1  0.00059259      14
  1256  1  0.00059259      14
  1257  1  0.00059259      14
  1258  1  0.00059259      14
  1259  1  0.00059259      14
  1260  1  0.00059259      14
  1261  1  0.00059259      14
  1262  1  0.00059259      14
  1263  1  0.00059259      14
  1264  1  0.00059259      14
  1265  1  0.00059259      14
  1266  1  0.00059259      14
  1267  1  0.00059259      14
  1268  1  0.00059259      14
  1269  1  0.00059259      14
  1270  1  0.00059259      14
  1271  1  0.00059259      14
  1272  1  0.00059259      14
  1273  1  0.00059259      14
  1274  1  0.00059259      14
  1275  1  0.00059259      14
  1276  1  0.00059259      14
  1277  1  0.00059259      14
  1278  1  0.00059259      14
  1279  1  0.00059259      14
  1280  1  0.00059259      14
  1281  1  0.00059259      14
  1282  1  0.00059259      14
  1283  1  0.00059259      14
  1284  1  0.00059259      14
  1285  1  0.00059259      14
  1286  1  0.00059259      14
  1287  1  0.00059259      14
  1288  1  0.00059259      14
  1289  1  0.00059259      14
  1290  1  0.00059259      14
  1291  1  0.00059259      14
  1292  1  0.00059259      14
  1293  1  0.00059259      14
  1294  1  0.00059259      14
  1295  1  0.00059259      14
  1296  1  0.00059259      14
  1297  1  0.00059259      14
  1298  1  0.00059259      14
  1299  1  0.00059259      14
  1300  1  0.00059259      14
  1301  1  0.00059259      14
  1302  1  0.00059259      14
  1303  1  0.00059259      14
  1304  1  0.00059259      14
  1305  1  0.00059259      14
  1306  1  0.00059259      14
  1307  1  0.00059259      14
  1308  1  0.00059259      14
  1309  1  0.00059259      14
  1310  1  0.00059259      14
  1311  1  0.00059259      14
  1312  1  0.00059259      14
  1313  1  0.00059259      14
  1314  1  0.00059259      14
  1315  1  0.00059259      14
  1316  1  0.00059259      14
  1317  1  0.00059259      14
  1318  1  0.00059259      14
  1319  1  0.00059259      14
  1320  1  0.00059259      14
  1321  1  0.00059259      14
  1322  1  0.00059259      14
  1323  1  0.00059259      14
  1324  1  0.00059259      14
  1325  1  0.00059259      14
  1326  1  0.00059259      14
  1327  1  0.00059259      14
  1328  1  0.00059259      14
  1329  1  0.00059259      14
  1330  1  0.00059259      14
  1331  1  0.00059259      14
  1332  1  0.00059259      14
  1333  1  0.00059259      14
  1334  1  0.00059259      14
  1335  1  0.00059259      14
  1336  1  0.00059259      14
  1337  1  0.00059259      14
  1338  1  0.00059259      14
  1339  1  0.00059259      14
  1340  1  0.00059259      14
  1341  1  0.00059259      14
  1342  1  0.00059259      14
  1343  1  0.00059259      14
  1344  1  0.00059259      14
  1345  1  0.00059259      14
  1346  1  0.00059259      14
  1347  1  0.00059259      14
  1348  1  0.00059259      14
  1349  1  0.00059259      14
  1350  1  0.00059259      14
  1351  1  0.00059259      15
  1352  1  0.00059259      14
  1353  1  0.00059259      14
  1354  1  0.00059259      14
  1355  1  0.00059259      14
  1356  1  0.00059259      14
  1357  1  0.00059259      14
  1358  1  0.00059259      14
  1359  1  0.00059259      14
  1360  1  0.00059259      14
  1361  1  0.00059259      14
  1362  1  0.00059259      14
  1363  1  0.00059259      14
  1364  1  0.00059259      14
  1365  1  0.00059259      14
  1366  1  0.00059259      14
  1367  1  0.00059259      14
  1368  1  0.00059259      14
  1369  1  0.00059259      14
  1370  1  0.00059259      14
  1371  1  0.00059259      14
  1372  1  0.00059259      14
  1373  1  0.00059259      14
  1374  1  0.00059259      14
  1375  1  0.00059259      14
  1376  1  0.00059259      14
  1377  1  0.00059259      14
  1378  1  0.00059259      14
  1379  1  0.00059259      14
  1380  1  0.00059259      14
  1381  1  0.00059259      14
  1382  1  0.00059259      14
  1383  1  0.00059259      14
  1384  1  0.00059259      14
  1385  1  0.00059259      14
  1386  1  0.00059259      14
  1387  1  0.00059259      14
  1388  1  0.00059259      14
  1389  1  0.00059259      14
  1390  1  0.00059259      14
  1391  1  0.00059259      14
  1392  1  0.00059259      14
  1393  1  0.00059259      14
  1394  1  0.00059259      14
  1395  1  0.00059259      14
  1396  1  0.00059259      14
  1397  1  0.00059259      14
  1398  1  0.00059259      14
  1399  1  0.00059259      14
  1400  1  0.00059259      14
  1401  1  0.00059259      14
  1402  1  0.00059259      14
  1403  1  0.00059259      14
  1404  1  0.00059259      14
  1405  1  0.00059259      14
  1406  1  0.00059259      14
  1407  1  0.00059259      14
  1408  1  0.00059259      14
  1409  1  0.00059259      14
  1410  1  0.00059259      14
  1411  1  0.00059259      14
  1412  1  0.00059259      14
  1413  1  0.00059259      14
  1414  1  0.00059259      14
  1415  1  0.00059259      14
  1416  1  0.00059259      14
  1417  1  0.00059259      14
  1418  1  0.00059259      14
  1419  1  0.00059259      14
  1420  1  0.00059259      14
  1421  1  0.00059259      14
  1422  1  0.00059259      14
  1423  1  0.00059259      14
  1424  1  0.00059259      14
  1425  1  0.00059259      14
  1426  1  0.00059259      14
  1427  1  0.00059259      14
  1428  1  0.00059259      14
  1429  1  0.00059259      14
  1430  1  0.00059259      14
  1431  1  0.00059259      14
  1432  1  0.00059259      14
  1433  1  0.00059259      14
  1434  1  0.00059259      14
  1435  1  0.00059259      14
  1436  1  0.00059259      14
  1437  1  0.00059259      14
  1438  1  0.00059259      14
  1439  1  0.00059259      14
  1440  1  0.00059259      14
  1441  1  0.00059259      14
  1442  1  0.00059259      14
  1443  1  0.00059259      14
  1444  1  0.00059259      14
  1445  1  0.00059259      14
  1446  1  0.00059259      14
  1447  1  0.00059259      15
  1448  1  0.00059259      14
  1449  1  0.00059259      14
  1450  1  0.00059259      14
  1451  1  0.00059259      14
  1452  1  0.00059259      14
  1453  1  0.00059259      14
  1454  1  0.00059259      14
  1455  1  0.00059259      14
  1456  1  0.00059259      14
  1457  1  0.00059259      14
  1458  1  0.00059259      14
  1459  1  0.00059259      14
  1460  1  0.00059259      14
  1461  1  0.00059259      14
  1462  1  0.00059259      14
  1463  1  0.00059259      14
  1464  1  0.00059259      14
  1465  1  0.00059259      14
  1466  1  0.00059259      14
  1467  1  0.00059259      14
  1468  1  0.00059259      14
  1469  1  0.00059259      14
  1470  1  0.00059259      14
  1471  1  0.00059259      14
  1472  1  0.00059259      14
  1473  1  0.00059259      14
  1474  1  0.00059259      14
  1475  1  0.00059259      14
  1476  1  0.00059259      14
  1477  1  0.00059259      14
  1478  1  0.00059259      14
  1479  1  0.00059259      14
  1480  1  0.00059259      14
  1481  1  0.00059259      14
  1482  1  0.00059259      14
  1483  1  0.00059259      14
  1484  1  0.00059259      14
  1485  1  0.00059259      14
  1486  1  0.00059259      14
  1487  1  0.00059259      14
  1488  1  0.00059259      14
  1489  1  0.00059259      14
  1490  1  0.00059259      14
  1491  1  0.00059259      14
  1492  1  0.00059259      14
  1493  1  0.00059259      14
  1494  1  0.00059259      14
  1495  1  0.00059259      14
  1496  1  0.00059259      14
  1497  1  0.00059259      14
  1498  1  0.00059259      14
  1499  1  0.00059259      14
  1500  1  0.00059259      14
  1501  1  0.00059259      14
  1502  1  0.00059259      14
  1503  1  0.00059259      14
  1504  1  0.00059259      14
  1505  1  0.00059259      14
  1506  1  0.00059259      14
  1507  1  0.00059259      14
  1508  1  0.00059259      14
  1509  1  0.00059259      14
  1510  1  0.00059259      14
  1511  1  0.00059259      14
  1512  1  0.00059259      14
  1513  1  0.00059259      14
  1514  1  0.00059259      14
  1515  1  0.00059259      14
  1516  1  0.00059259      14
  1517  1  0.00059259      14
  1518  1  0.00059259      14
  1519  1  0.00059259      14
  1520  1  0.00059259      14
  1521  1  0.00059259      14
  1522  1  0.00059259      14
  1523  1  0.00059259      14
  1524  1  0.00059259      14
  1525  1  0.00059259      14
  1526  1  0.00059259      14
  1527  1  0.00059259      14
  1528  1  0.00059259      14
  1529  1  0.00059259      14
  1530  1  0.00059259      14
  1531  1  0.00059259      14
  1532  1  0.00059259      14
  1533  1  0.00059259      14
  1534  1  0.00059259      14
  1535  1  0.00059259      14
  1536  1  0.00059259      14
  1537  1  0.00059259      14
  1538  1  0.00059259      14
  1539  1  0.00059259      14
  1540  1  0.00059259      14
  1541  1  0.00059259      14
  1542  1  0.00059259      14
  1543  1  0.00059259      14
  1544  1  0.00059259      14
  1545  1  0.00059259      14
  1546  1  0.00059259      14
  1547  1  0.00059259      14
  1548  1  0.00059259      14
  1549  1  0.00059259      14
  1550  1  0.00059259      14
  1551  1  0.00059259      14
  1552  1  0.00059259      14
  1553  1  0.00059259      14
  1554  1  0.00059259      14
  1555  1  0.00059259      14
  1556  1  0.00059259      14
  1557  1  0.00059259      14
  1558  1  0.00059259      14
  1559  1  0.00059259      14
  1560  1  0.00059259      14
  1561  1  0.00059259      14
  1562  1  0.00059259      14
  1563  1  0.00059259      14
  1564  1  0.00059259      14
  1565  1  0.00059259      14
  1566  1  0.00059259      14
  1567  1  0.00059259      14
  1568  1  0.00059259      14
  1569  1  0.00059259      14
  1570  1  0.00059259      14
  1571  1  0.00059259      14
  1572  1  0.00059259      14
  1573  1  0.00059259      14
  1574  1  0.00059259      14
  1575  1  0.00059259      14
  1576  1  0.00059259      15
  1577  1  0.00059259      14
  1578  1  0.00059259      14
  1579  1  0.00059259      14
  1580  1  0.00059259      14
  1581  1  0.00059259      14
  1582  1  0.00059259      14
  1583  1  0.00059259      14
  1584  1  0.00059259      14
  1585  1  0.00059259      14
  1586  1  0.00059259      14
  1587  1  0.00059259      14
  1588  1  0.00059259      14
  1589  1  0.00059259      14
  1590  1  0.00059259      14
  1591  1  0.00059259      14
  1592  1  0.00059259      14
  1593  1  0.00059259      14
  1594  1  0.00059259      14
  1595  1  0.00059259      14
  1596  1  0.00059259      14
  1597  1  0.00059259      14
  1598  1  0.00059259      14
  1599  1  0.00059259      14
  1600  1  0.00059259      14
  1601  1  0.00059259      14
  1602  1  0.00059259      14
  1603  1  0.00059259      14
  1604  1  0.00059259      14
  1605  1  0.00059259      14
  1606  1  0.00059259      14
  1607  1  0.00059259      14
  1608  1  0.00059259      14
  1609  1  0.00059259      14
  1610  1  0.00059259      14
  1611  1  0.00059259      14
  1612  1  0.00059259      14
  1613  1  0.00059259      14
  1614  1  0.00059259      14
  1615  1  0.00059259      14
  1616  1  0.00059259      14
  1617  1  0.00059259      14
  1618  1  0.00059259      14
  1619  1  0.00059259      14
  1620  1  0.00059259      14
  1621  1  0.00059259      14
  1622  1  0.00059259      14
  1623  1  0.00059259      14
  1624  1  0.00059259      14
  1625  1  0.00059259      14
  1626  1  0.00059259      14
  1627  1  0.00059259      14
  1628  1  0.00059259      14
  1629  1  0.00059259      14
  1630  1  0.00059259      14
  1631  1  0.00059259      14
  1632  1  0.00059259      14
  1633  1  0.00059259      14
  1634  1  0.00059259      14
  1635  1  0.00059259      14
  1636  1  0.00059259      14
  1637  1  0.00059259      14
  1638  1  0.00059259      14
  1639  1  0.00059259      14
  1640  1  0.00059259      14
  1641  1  0.00059259      14
  1642  1  0.00059259      14
  1643  1  0.00059259      14
  1644  1  0.00059259      14
  1645  1  0.00059259      14
  1646  1  0.00059259      14
  1647  1  0.00059259      14
  1648  1  0.00059259      14
  1649  1  0.00059259      14
  1650  1  0.00059259      14
  1651  1  0.00059259      14
  1652  1  0.00059259      14
  1653  1  0.00059259      14
  1654  1  0.00059259      14
  1655  1  0.00059259      14
  1656  1  0.00059259      14
  1657  1  0.00059259      14
  1658  1  0.00059259      14
  1659  1  0.00059259      14
  1660  1  0.00059259      14
  1661  1  0.00059259      14
  1662  1  0.00059259      14
  1663  1  0.00059259      14
  1664  1  0.00059259      14
  1665  1  0.00059259      14
  1666  1  0.00059259      14
  1667  1  0.00059259      14
  1668  1  0.00059259      14
  1669  1  0.00059259      14
  1670  1  0.00059259      14
  1671  1  0.00059259      14
  1672  1  0.00059259      14
  1673  1  0.00059259      14
  1674  1  0.00059259      14
  1675  1  0.00059259      14
  1676  1  0.00059259      14
  1677  1  0.00059259      14
  1678  1  0.00059259      14
  1679  1  0.00059259      14
  1680  1  0.00059259      14
  1681  1  0.00059259      14
  1682  1  0.00059259      14
  1683  1  0.00059259      14
  1684  1  0.00059259      14
  1685  1  0.00059259      14
  1686  1  0.00059259      14
  1687  1  0.00059259      14
  1688  1  0.00059259      15
